570009449
560033185
550268452
550260061
550257414
550255400
550242382
550238240
550237333
550236269
550236251
550236244
550236236
550236228
550236210
550236087
550236079
550225650
550015929
550013098
550010003
540292042
540279379
540219839
520044322
520043563
520041096
520039876
520038662
520037797
520037540
520036690
520034331
520032046
520031931
520031659
520028721
520028010
520026683
520026618
520025818
520025636
520025156
520024373
520024126
520022856
520022690
520021874
520021171
520018946
520018649
520018482
520018078
520017450
520010547
520007469
520007030
520000522
516020633
515879559
515697696
515630770
515544930
515504553
515435279
515293229
515267953
515217719
515170611
515154565
515050532
515009652
514956713
514892801
514874155
514817154
514728922
514700608
514617091
514584929
514575364
514566009
514507532
514496660
514486281
514468354
514406776
514389618
514389444
514388149
514357060
514329580
514271816
514255678
514212588
514188366
514153105
514090000
514065283
514038306
513989236
513976191
513956938
513953745
513933598
513927285
513926857
513899674
513893123
513869347
513862649
513862581
513846667
513838326
513773473
513736512
513708818
513645150
513642553
513606541
513560730
513504274
513326439
513245225
513184192
513009514
513000877
512989179
512905423
512843855
512728932
512711789
512705153
512699000
512686114
512658261
512625120
512562422
512542721
512536210
512519018
512510538
512492398
512480971
512475203
512194168
512056789
511878241
511863466
511826851
511684052
511682056
511548307
511221699
511153629
511134298
510984230
510960719
510791270
510617194
510515752
510491707
510488190
510459928
510454333
510439045
510395593
510381601
510313778
510242670
510160781
510064603
510035132
510033822
501400014
500287008
500230008
500223086